xof 0303txt 0032

template AnimTicksPerSecond {
  <9E415A43-7BA6-4a73-8743-B73D47E88476>
  DWORD AnimTicksPerSecond;
}

template XSkinMeshHeader {
  <3cf169ce-ff7c-44ab-93c0-f78f62d172e2>
  WORD nMaxSkinWeightsPerVertex;
  WORD nMaxSkinWeightsPerFace;
  WORD nBones;
}

template SkinWeights {
  <6f0d123b-bad2-4167-a0d0-80224f25fabb>
  STRING transformNodeName;
  DWORD nWeights;
  array DWORD vertexIndices[nWeights];
  array float weights[nWeights];
  Matrix4x4 matrixOffset;
}

Frame Root {
  FrameTransformMatrix {
     1.000000, 0.000000, 0.000000, 0.000000,
     0.000000,-0.000000, 1.000000, 0.000000,
     0.000000, 1.000000, 0.000000, 0.000000,
     0.000000, 0.000000, 0.000000, 1.000000;;
  }
  Frame Armature {
    FrameTransformMatrix {
       1.000000, 0.000000, 0.000000, 0.000000,
       0.000000, 1.000000, 0.000000, 0.000000,
       0.000000, 0.000000, 1.000000, 0.000000,
       0.034780,-0.065101, 2.922549, 1.000000;;
    }
    Frame Armature_Bone {
      FrameTransformMatrix {
         1.000000, 0.000000, 0.000000, 0.000000,
         0.000000, 0.000000, 1.000000, 0.000000,
         0.000000,-1.000000, 0.000000, 0.000000,
         0.000000, 0.000000, 0.000000, 1.000000;;
      }
      Frame Armature_Bone_031 {
        FrameTransformMatrix {
           1.000000, 0.000000, 0.000000, 0.000000,
           0.000000, 1.000000, 0.000000, 0.000000,
           0.000000, 0.000000, 1.000000, 0.000000,
           0.000000, 0.809134, 0.000000, 1.000000;;
        }
        Frame Armature_Bone_001 {
          FrameTransformMatrix {
             0.007622, 0.000000, 0.999971, 0.000000,
             0.996044,-0.088538,-0.007592, 0.000000,
             0.088535, 0.996073,-0.000675, 0.000000,
             0.000000, 0.809134, 0.000000, 1.000000;;
          }
          Frame Armature_Bone_002 {
            FrameTransformMatrix {
               0.518870, 0.259957,-0.814369, 0.000000,
              -0.342961, 0.935916, 0.080241, 0.000000,
               0.783040, 0.237662, 0.574774, 0.000000,
              -0.000000, 0.594076, 0.000000, 1.000000;;
            }
            Frame Armature_Bone_003 {
              FrameTransformMatrix {
                 0.981069,-0.193485, 0.008231, 0.000000,
                 0.165560, 0.815907,-0.553974, 0.000000,
                 0.100470, 0.544849, 0.832494, 0.000000,
                -0.000000, 0.912461,-0.000000, 1.000000;;
              }
            } // End of Armature_Bone_003
          } // End of Armature_Bone_002
        } // End of Armature_Bone_001
        Frame Armature_Bone_004 {
          FrameTransformMatrix {
            -0.006632,-0.000000,-0.999978, 0.000000,
            -0.998596,-0.052558, 0.006622, 0.000000,
            -0.052556, 0.998618, 0.000348, 0.000000,
             0.000000, 0.809134, 0.000000, 1.000000;;
          }
          Frame Armature_Bone_005 {
            FrameTransformMatrix {
               0.618224, 0.164116,-0.768677, 0.000000,
              -0.346161, 0.934859,-0.078811, 0.000000,
               0.705671, 0.314809, 0.634763, 0.000000,
               0.000000, 0.750578, 0.000000, 1.000000;;
            }
            Frame Armature_Bone_006 {
              FrameTransformMatrix {
                 0.997739,-0.033150,-0.058471, 0.000000,
                 0.001365, 0.879730,-0.475471, 0.000000,
                 0.067200, 0.474316, 0.877786, 0.000000,
                 0.000000, 0.978670,-0.000000, 1.000000;;
              }
            } // End of Armature_Bone_006
          } // End of Armature_Bone_005
        } // End of Armature_Bone_004
        Frame Armature_Bone_013 {
          FrameTransformMatrix {
            -0.966140,-0.241520, 0.090783, 0.000000,
            -0.240575, 0.970395, 0.021373, 0.000000,
            -0.093257,-0.001191,-0.995641, 0.000000,
             0.000000, 0.809134, 0.000000, 1.000000;;
          }
          Frame Armature_Bone_015 {
            FrameTransformMatrix {
              -0.002587, 0.006999,-0.999972, 0.000000,
              -0.938343,-0.345705, 0.000008, 0.000000,
              -0.345696, 0.938317, 0.007462, 0.000000,
               0.000000, 2.800914, 0.000000, 1.000000;;
            }
            Frame Armature_Bone_016 {
              FrameTransformMatrix {
                 0.970846, 0.224924, 0.082864, 0.000000,
                -0.006924, 0.371868,-0.928260, 0.000000,
                -0.239602, 0.900624, 0.362584, 0.000000,
                -0.000000, 1.331320,-0.000000, 1.000000;;
              }
              Frame Armature_Bone_017 {
                FrameTransformMatrix {
                  -0.969372, 0.007094, 0.245496, 0.000000,
                  -0.219671, 0.421970,-0.879594, 0.000000,
                  -0.109832,-0.906582,-0.407488, 0.000000,
                   0.000000, 1.407585,-0.000000, 1.000000;;
                }
              } // End of Armature_Bone_017
              Frame Armature_Bone_027 {
                FrameTransformMatrix {
                   0.248990, 0.027977, 0.968102, 0.000000,
                  -0.968444,-0.004166, 0.249199, 0.000000,
                   0.011005,-0.999600, 0.026057, 0.000000,
                   0.000000, 1.407585,-0.000000, 1.000000;;
                }
              } // End of Armature_Bone_027
              Frame Armature_Bone_028 {
                FrameTransformMatrix {
                  -0.248992,-0.027937,-0.968103, 0.000000,
                   0.967797, 0.031053,-0.249809, 0.000000,
                   0.037041,-0.999127, 0.019305, 0.000000,
                   0.000000, 1.407585,-0.000000, 1.000000;;
                }
              } // End of Armature_Bone_028
            } // End of Armature_Bone_016
            Frame Armature_Bone_029 {
              FrameTransformMatrix {
                 0.009578, 0.938303, 0.345681, 0.000000,
                -0.999713, 0.001390, 0.023928, 0.000000,
                 0.021972,-0.345811, 0.938047, 0.000000,
                -0.000000, 1.331320,-0.000000, 1.000000;;
              }
            } // End of Armature_Bone_029
            Frame Armature_Bone_030 {
              FrameTransformMatrix {
                -0.009578,-0.938299,-0.345693, 0.000000,
                 0.998608,-0.026910, 0.045373, 0.000000,
                -0.051876,-0.344777, 0.937250, 0.000000,
                -0.000000, 1.331320,-0.000000, 1.000000;;
              }
            } // End of Armature_Bone_030
          } // End of Armature_Bone_015
          Frame Armature_Bone_018 {
            FrameTransformMatrix {
              -0.001579,-0.006999, 0.999974, 0.000000,
               0.975232,-0.221187,-0.000008, 0.000000,
               0.221181, 0.975206, 0.007175, 0.000000,
               0.000000, 2.800914, 0.000000, 1.000000;;
            }
            Frame Armature_Bone_019 {
              FrameTransformMatrix {
                 0.738139,-0.657940,-0.149220, 0.000000,
                 0.006987, 0.228625,-0.973490, 0.000000,
                 0.674613, 0.717528, 0.173353, 0.000000,
                -0.000000, 1.307930,-0.000001, 1.000000;;
              }
              Frame Armature_Bone_020 {
                FrameTransformMatrix {
                  -0.735670,-0.007015,-0.677303, 0.000000,
                   0.649685, 0.275502,-0.708525, 0.000000,
                   0.191569,-0.961275,-0.198122, 0.000000,
                  -0.000000, 1.722679,-0.000000, 1.000000;;
                }
              } // End of Armature_Bone_020
              Frame Armature_Bone_021 {
                FrameTransformMatrix {
                  -0.670647, 0.007682, 0.741737, 0.000000,
                  -0.709400,-0.298846,-0.638313, 0.000000,
                   0.216761,-0.954271, 0.205870, 0.000000,
                  -0.000000, 1.722679,-0.000000, 1.000000;;
                }
              } // End of Armature_Bone_021
              Frame Armature_Bone_022 {
                FrameTransformMatrix {
                   0.670642,-0.007682,-0.741742, 0.000000,
                   0.712110,-0.273319, 0.646681, 0.000000,
                  -0.207700,-0.961893,-0.177828, 0.000000,
                  -0.000000, 1.722679,-0.000000, 1.000000;;
                }
              } // End of Armature_Bone_022
            } // End of Armature_Bone_019
            Frame Armature_Bone_023 {
              FrameTransformMatrix {
                -0.036996,-0.974889,-0.219595, 0.000000,
                 0.996361,-0.019100,-0.083068, 0.000000,
                 0.076787,-0.221869, 0.972048, 0.000000,
                -0.000000, 1.307930,-0.000001, 1.000000;;
              }
            } // End of Armature_Bone_023
            Frame Armature_Bone_024 {
              FrameTransformMatrix {
                 0.005408, 0.975220, 0.221172, 0.000000,
                -0.997327, 0.021377,-0.069871, 0.000000,
                -0.072868,-0.220203, 0.972729, 0.000000,
                -0.000000, 1.307930,-0.000001, 1.000000;;
              }
            } // End of Armature_Bone_024
          } // End of Armature_Bone_018
        } // End of Armature_Bone_013
      } // End of Armature_Bone_031
      Frame Armature_Bone_032 {
        FrameTransformMatrix {
          -0.000000, 0.000000, 1.000000, 0.000000,
           0.999918,-0.012819,-0.000000, 0.000000,
           0.012819, 0.999918,-0.000000, 0.000000,
           0.000000, 0.809134, 0.000000, 1.000000;;
        }
        Frame Armature_Bone_037 {
          FrameTransformMatrix {
            -1.000000,-0.000005,-0.000000, 0.000000,
             0.000000,-0.040199, 0.999191, 0.000000,
            -0.000005, 0.999192, 0.040200, 0.000000,
            -0.000000, 0.486872, 0.000000, 1.000000;;
          }
        } // End of Armature_Bone_037
        Frame Armature_Bone_038 {
          FrameTransformMatrix {
             1.000000, 0.000004, 0.000000, 0.000000,
            -0.000000, 0.045401,-0.998969, 0.000000,
            -0.000004, 0.998969, 0.045401, 0.000000,
            -0.000000, 0.486872, 0.000000, 1.000000;;
          }
        } // End of Armature_Bone_038
      } // End of Armature_Bone_032
      Frame Armature_Bone_034 {
        FrameTransformMatrix {
           0.000000,-0.000000,-1.000000, 0.000000,
          -1.000000, 0.000000, 0.000000, 0.000000,
           0.000000, 1.000000,-0.000000, 0.000000,
           0.000000, 0.809134, 0.000000, 1.000000;;
        }
        Frame Armature_Bone_035 {
          FrameTransformMatrix {
            -1.000000, 0.000002,-0.000000, 0.000000,
            -0.000000,-0.057377, 0.998353, 0.000000,
             0.000002, 0.998353, 0.057377, 0.000000,
             0.000000, 0.468108, 0.000000, 1.000000;;
          }
        } // End of Armature_Bone_035
        Frame Armature_Bone_036 {
          FrameTransformMatrix {
             1.000000,-0.000002, 0.000000, 0.000000,
             0.000000, 0.054862,-0.998494, 0.000000,
             0.000002, 0.998494, 0.054862, 0.000000,
             0.000000, 0.468108, 0.000000, 1.000000;;
          }
        } // End of Armature_Bone_036
      } // End of Armature_Bone_034
    } // End of Armature_Bone
    Frame Armature_Bone_007 {
      FrameTransformMatrix {
        -0.002975, 0.999996,-0.000000, 0.000000,
        -0.866909,-0.002579,-0.498459, 0.000000,
        -0.498457,-0.001483, 0.866913, 0.000000,
         0.000000, 0.000000, 0.000000, 1.000000;;
      }
      Frame Armature_Bone_008 {
        FrameTransformMatrix {
           0.517410,-0.442414, 0.732499, 0.000000,
           0.824387, 0.487272,-0.288014, 0.000000,
          -0.229504, 0.752885, 0.616840, 0.000000,
           0.000000, 0.606086,-0.000000, 1.000000;;
        }
        Frame Armature_Bone_009 {
          FrameTransformMatrix {
             0.834800, 0.512520,-0.201075, 0.000000,
            -0.543101, 0.826499,-0.148121, 0.000000,
             0.090274, 0.232855, 0.968312, 0.000000,
             0.000000, 0.793910, 0.000000, 1.000000;;
          }
          Frame Armature_Bone_025 {
            FrameTransformMatrix {
              -0.062834, 0.099550, 0.993047, 0.000000,
              -0.959624, 0.267326,-0.087518, 0.000000,
              -0.274179,-0.958450, 0.078733, 0.000000,
              -0.000000, 1.056081, 0.000000, 1.000000;;
            }
          } // End of Armature_Bone_025
        } // End of Armature_Bone_009
      } // End of Armature_Bone_008
    } // End of Armature_Bone_007
    Frame Armature_Bone_010 {
      FrameTransformMatrix {
         0.011967,-0.999928, 0.000000, 0.000000,
         0.815459, 0.009759,-0.578733, 0.000000,
         0.578691, 0.006926, 0.815517, 0.000000,
         0.000000, 0.000000, 0.000000, 1.000000;;
      }
      Frame Armature_Bone_011 {
        FrameTransformMatrix {
           0.556893,-0.466412, 0.687262, 0.000000,
           0.767747, 0.604779,-0.211677, 0.000000,
          -0.316913, 0.645525, 0.694884, 0.000000,
          -0.000000, 0.499322,-0.000000, 1.000000;;
        }
        Frame Armature_Bone_012 {
          FrameTransformMatrix {
             0.867644, 0.479413,-0.131743, 0.000000,
            -0.497185, 0.836736,-0.229521, 0.000000,
             0.000199, 0.264643, 0.964346, 0.000000,
             0.000000, 0.795213, 0.000000, 1.000000;;
          }
          Frame Armature_Bone_026 {
            FrameTransformMatrix {
              -0.081144,-0.093652,-0.992293, 0.000000,
               0.938173, 0.328963,-0.107766, 0.000000,
               0.336520,-0.939687, 0.061169, 0.000000,
               0.000000, 1.121452,-0.000000, 1.000000;;
            }
          } // End of Armature_Bone_026
        } // End of Armature_Bone_012
      } // End of Armature_Bone_011
    } // End of Armature_Bone_010
    Frame bomberman00_Mesh_001 {
      FrameTransformMatrix {
         1.000000, 0.000000, 0.000000, 0.000000,
         0.000000,-0.000000, 1.000000, 0.000000,
        -0.000000,-1.000000,-0.000000, 0.000000,
        -0.034780, 0.065101,-2.922549, 1.000000;;
      }
      Mesh { // bomberman00_Mesh_001 mesh
        640;
         0.775884; 4.776873; 0.716085;,
         0.770165; 5.077255; 1.276614;,
        -0.000859; 5.009655; 1.277375;,
        -0.000859; 4.686687; 0.715177;,
         0.775884; 4.776873; 0.716085;,
        -0.000859; 4.686687; 0.715177;,
        -0.000858; 4.653710;-0.042956;,
         0.774956; 4.743367;-0.042956;,
         0.775884; 4.776873; 0.716085;,
         0.774956; 4.743367;-0.042956;,
         1.365185; 4.933740;-0.042955;,
         1.365184; 4.982642; 0.715115;,
         0.775884; 4.776873; 0.716085;,
         1.365184; 4.982642; 0.715115;,
         1.211609; 5.212798; 1.145499;,
         0.770165; 5.077255; 1.276614;,
         1.560755; 5.498899; 0.715735;,
         1.365184; 4.982642; 0.715115;,
         1.365185; 4.933740;-0.042955;,
         1.560898; 5.480150;-0.042955;,
         1.560755; 5.498899; 0.715735;,
         1.560898; 5.480150;-0.042955;,
         1.650262; 6.198112;-0.042955;,
         1.650262; 6.198125; 0.716162;,
         1.560755; 5.498899; 0.715735;,
         1.650262; 6.198125; 0.716162;,
         1.448331; 6.198170; 1.279592;,
         1.371704; 5.572839; 1.275660;,
         1.560755; 5.498899; 0.715735;,
         1.371704; 5.572839; 1.275660;,
         1.211609; 5.212798; 1.145499;,
         1.365184; 4.982642; 0.715115;,
        -1.562473; 5.498878; 0.715733;,
        -1.373422; 5.572828; 1.275659;,
        -1.450049; 6.198169; 1.279590;,
        -1.651979; 6.198124; 0.716160;,
        -1.562473; 5.498878; 0.715733;,
        -1.651979; 6.198124; 0.716160;,
        -1.651978; 6.198112;-0.042957;,
        -1.562615; 5.480150;-0.042957;,
        -1.562473; 5.498878; 0.715733;,
        -1.562615; 5.480150;-0.042957;,
        -1.366901; 4.933740;-0.042957;,
        -1.366902; 4.982612; 0.715113;,
        -1.562473; 5.498878; 0.715733;,
        -1.366902; 4.982612; 0.715113;,
        -1.213326; 5.212782; 1.145498;,
        -1.373422; 5.572828; 1.275659;,
         0.775884; 7.613271; 0.716085;,
         1.365184; 7.410036; 0.715115;,
         1.365184; 7.462485;-0.042955;,
         0.774956; 7.652851;-0.042956;,
         0.775884; 7.613271; 0.716085;,
         0.774956; 7.652851;-0.042956;,
        -0.000858; 7.742442;-0.042956;,
        -0.000859; 7.702729; 0.715177;,
         0.775884; 7.613271; 0.716085;,
        -0.000859; 7.702729; 0.715177;,
        -0.000859; 7.384974; 1.277189;,
         0.770212; 7.317495; 1.276466;,
         0.775884; 7.613271; 0.716085;,
         0.770212; 7.317495; 1.276466;,
         1.211680; 7.181966; 1.145425;,
         1.365184; 7.410036; 0.715115;,
         0.777201; 5.474385;-1.568567;,
         0.774892; 4.925204;-1.377865;,
        -0.000857; 4.846756;-1.377866;,
        -0.000857; 5.430624;-1.568568;,
         0.777201; 5.474385;-1.568567;,
        -0.000857; 5.430624;-1.568568;,
        -0.000857; 6.198077;-1.568567;,
         0.816913; 6.198110;-1.568567;,
         0.777201; 5.474385;-1.568567;,
         0.816913; 6.198110;-1.568567;,
         1.439533; 6.198112;-1.379202;,
         1.366100; 5.479816;-1.376525;,
         0.777201; 5.474385;-1.568567;,
         1.366100; 5.479816;-1.376525;,
         1.213403; 5.074226;-1.229542;,
         0.774892; 4.925204;-1.377865;,
        -0.777602; 4.776853; 0.716084;,
        -1.366902; 4.982612; 0.715113;,
        -1.366901; 4.933740;-0.042957;,
        -0.776673; 4.743366;-0.042957;,
        -0.777602; 4.776853; 0.716084;,
        -0.776673; 4.743366;-0.042957;,
        -0.000858; 4.653710;-0.042956;,
        -0.000859; 4.686687; 0.715177;,
        -0.777602; 4.776853; 0.716084;,
        -0.000859; 4.686687; 0.715177;,
        -0.000859; 5.009655; 1.277375;,
        -0.771883; 5.077241; 1.276614;,
        -0.777602; 4.776853; 0.716084;,
        -0.771883; 5.077241; 1.276614;,
        -1.213326; 5.212782; 1.145498;,
        -1.366902; 4.982612; 0.715113;,
        -0.777601; 4.743456;-0.801997;,
        -1.366901; 4.933740;-0.801027;,
        -1.215118; 5.074226;-1.229543;,
        -0.776607; 4.925203;-1.377866;,
        -0.777601; 4.743456;-0.801997;,
        -0.776607; 4.925203;-1.377866;,
        -0.000857; 4.846756;-1.377866;,
        -0.000858; 4.653710;-0.801089;,
        -0.777601; 4.743456;-0.801997;,
        -0.000858; 4.653710;-0.801089;,
        -0.000858; 4.653710;-0.042956;,
        -0.776673; 4.743366;-0.042957;,
        -0.777601; 4.743456;-0.801997;,
        -0.776673; 4.743366;-0.042957;,
        -1.366901; 4.933740;-0.042957;,
        -1.366901; 4.933740;-0.801027;,
         0.775885; 4.743456;-0.801996;,
         0.774892; 4.925204;-1.377865;,
         1.213403; 5.074226;-1.229542;,
         1.365185; 4.933741;-0.801025;,
         0.775885; 4.743456;-0.801996;,
         1.365185; 4.933741;-0.801025;,
         1.365185; 4.933740;-0.042955;,
         0.774956; 4.743367;-0.042956;,
         0.775885; 4.743456;-0.801996;,
         0.774956; 4.743367;-0.042956;,
        -0.000858; 4.653710;-0.042956;,
        -0.000858; 4.653710;-0.801089;,
         0.775885; 4.743456;-0.801996;,
        -0.000858; 4.653710;-0.801089;,
        -0.000857; 4.846756;-1.377866;,
         0.774892; 4.925204;-1.377865;,
         1.560757; 5.479006;-0.801645;,
         1.366100; 5.479816;-1.376525;,
         1.439533; 6.198112;-1.379202;,
         1.650263; 6.198112;-0.802072;,
         1.560757; 5.479006;-0.801645;,
         1.650263; 6.198112;-0.802072;,
         1.650262; 6.198112;-0.042955;,
         1.560898; 5.480150;-0.042955;,
         1.560757; 5.479006;-0.801645;,
         1.560898; 5.480150;-0.042955;,
         1.365185; 4.933740;-0.042955;,
         1.365185; 4.933741;-0.801025;,
         1.560757; 5.479006;-0.801645;,
         1.365185; 4.933741;-0.801025;,
         1.213403; 5.074226;-1.229542;,
         1.366100; 5.479816;-1.376525;,
         1.560756; 6.917219;-0.801645;,
         1.366100; 6.916409;-1.376525;,
         1.213403; 7.321999;-1.229542;,
         1.365185; 7.462485;-0.801025;,
         1.560756; 6.917219;-0.801645;,
         1.365185; 7.462485;-0.801025;,
         1.365184; 7.462485;-0.042955;,
         1.560898; 6.916076;-0.042955;,
         1.560756; 6.917219;-0.801645;,
         1.560898; 6.916076;-0.042955;,
         1.650262; 6.198112;-0.042955;,
         1.650263; 6.198112;-0.802072;,
         1.560756; 6.917219;-0.801645;,
         1.650263; 6.198112;-0.802072;,
         1.439533; 6.198112;-1.379202;,
         1.366100; 6.916409;-1.376525;,
         1.560755; 6.897616; 0.715735;,
         1.365184; 7.410036; 0.715115;,
         1.211680; 7.181966; 1.145425;,
         1.371713; 6.823611; 1.275629;,
         1.560755; 6.897616; 0.715735;,
         1.371713; 6.823611; 1.275629;,
         1.448331; 6.198170; 1.279592;,
         1.650262; 6.198125; 0.716162;,
         1.560755; 6.897616; 0.715735;,
         1.650262; 6.198125; 0.716162;,
         1.650262; 6.198112;-0.042955;,
         1.560898; 6.916076;-0.042955;,
         1.560755; 6.897616; 0.715735;,
         1.560898; 6.916076;-0.042955;,
         1.365184; 7.462485;-0.042955;,
         1.365184; 7.410036; 0.715115;,
        -1.562473; 6.897594; 0.715733;,
        -1.366902; 7.410002; 0.715113;,
        -1.366901; 7.462485;-0.042957;,
        -1.562615; 6.916076;-0.042957;,
        -1.562473; 6.897594; 0.715733;,
        -1.562615; 6.916076;-0.042957;,
        -1.651978; 6.198112;-0.042957;,
        -1.651979; 6.198124; 0.716160;,
        -1.562473; 6.897594; 0.715733;,
        -1.651979; 6.198124; 0.716160;,
        -1.450049; 6.198169; 1.279590;,
        -1.373432; 6.823600; 1.275627;,
        -1.562473; 6.897594; 0.715733;,
        -1.373432; 6.823600; 1.275627;,
        -1.213399; 7.181949; 1.145422;,
        -1.366902; 7.410002; 0.715113;,
        -1.562472; 6.917218;-0.801647;,
        -1.366901; 7.462485;-0.801027;,
        -1.215118; 7.321999;-1.229543;,
        -1.367815; 6.916408;-1.376527;,
        -1.562472; 6.917218;-0.801647;,
        -1.367815; 6.916408;-1.376527;,
        -1.441247; 6.198112;-1.379204;,
        -1.651978; 6.198112;-0.802075;,
        -1.562472; 6.917218;-0.801647;,
        -1.651978; 6.198112;-0.802075;,
        -1.651978; 6.198112;-0.042957;,
        -1.562615; 6.916076;-0.042957;,
        -1.562472; 6.917218;-0.801647;,
        -1.562615; 6.916076;-0.042957;,
        -1.366901; 7.462485;-0.042957;,
        -1.366901; 7.462485;-0.801027;,
        -1.562472; 5.479006;-0.801647;,
        -1.367815; 5.479816;-1.376527;,
        -1.215118; 5.074226;-1.229543;,
        -1.366901; 4.933740;-0.801027;,
        -1.562472; 5.479006;-0.801647;,
        -1.366901; 4.933740;-0.801027;,
        -1.366901; 4.933740;-0.042957;,
        -1.562615; 5.480150;-0.042957;,
        -1.562472; 5.479006;-0.801647;,
        -1.562615; 5.480150;-0.042957;,
        -1.651978; 6.198112;-0.042957;,
        -1.651978; 6.198112;-0.802075;,
        -1.562472; 5.479006;-0.801647;,
        -1.651978; 6.198112;-0.802075;,
        -1.441247; 6.198112;-1.379204;,
        -1.367815; 5.479816;-1.376527;,
         0.775885; 7.652761;-0.801996;,
         0.774892; 7.471014;-1.377865;,
        -0.000857; 7.549397;-1.377866;,
        -0.000858; 7.742442;-0.801089;,
         0.775885; 7.652761;-0.801996;,
        -0.000858; 7.742442;-0.801089;,
        -0.000858; 7.742442;-0.042956;,
         0.774956; 7.652851;-0.042956;,
         0.775885; 7.652761;-0.801996;,
         0.774956; 7.652851;-0.042956;,
         1.365184; 7.462485;-0.042955;,
         1.365185; 7.462485;-0.801025;,
         0.775885; 7.652761;-0.801996;,
         1.365185; 7.462485;-0.801025;,
         1.213403; 7.321999;-1.229542;,
         0.774892; 7.471014;-1.377865;,
        -0.777601; 7.652761;-0.801997;,
        -0.776607; 7.471014;-1.377867;,
        -1.215118; 7.321999;-1.229543;,
        -1.366901; 7.462485;-0.801027;,
        -0.777601; 7.652761;-0.801997;,
        -1.366901; 7.462485;-0.801027;,
        -1.366901; 7.462485;-0.042957;,
        -0.776672; 7.652851;-0.042957;,
        -0.777601; 7.652761;-0.801997;,
        -0.776672; 7.652851;-0.042957;,
        -0.000858; 7.742442;-0.042956;,
        -0.000858; 7.742442;-0.801089;,
        -0.777601; 7.652761;-0.801997;,
        -0.000858; 7.742442;-0.801089;,
        -0.000857; 7.549397;-1.377866;,
        -0.776607; 7.471014;-1.377867;,
        -0.777602; 7.613228; 0.716084;,
        -1.366902; 7.410002; 0.715113;,
        -1.213399; 7.181949; 1.145422;,
        -0.771930; 7.317479; 1.276464;,
        -0.777602; 7.613228; 0.716084;,
        -0.771930; 7.317479; 1.276464;,
        -0.000859; 7.384974; 1.277189;,
        -0.000859; 7.702729; 0.715177;,
        -0.777602; 7.613228; 0.716084;,
        -0.000859; 7.702729; 0.715177;,
        -0.000858; 7.742442;-0.042956;,
        -0.776672; 7.652851;-0.042957;,
        -0.777602; 7.613228; 0.716084;,
        -0.776672; 7.652851;-0.042957;,
        -1.366901; 7.462485;-0.042957;,
        -1.366902; 7.410002; 0.715113;,
        -0.778915; 5.474385;-1.568568;,
        -1.367815; 5.479816;-1.376527;,
        -1.441247; 6.198112;-1.379204;,
        -0.818628; 6.198110;-1.568568;,
        -0.778915; 5.474385;-1.568568;,
        -0.818628; 6.198110;-1.568568;,
        -0.000857; 6.198077;-1.568567;,
        -0.000857; 5.430624;-1.568568;,
        -0.778915; 5.474385;-1.568568;,
        -0.000857; 5.430624;-1.568568;,
        -0.000857; 4.846756;-1.377866;,
        -0.776607; 4.925203;-1.377866;,
        -0.778915; 5.474385;-1.568568;,
        -0.776607; 4.925203;-1.377866;,
        -1.215118; 5.074226;-1.229543;,
        -1.367815; 5.479816;-1.376527;,
        -0.778915; 6.921834;-1.568568;,
        -1.367815; 6.916408;-1.376527;,
        -1.215118; 7.321999;-1.229543;,
        -0.776607; 7.471014;-1.377867;,
        -0.778915; 6.921834;-1.568568;,
        -0.776607; 7.471014;-1.377867;,
        -0.000857; 7.549397;-1.377866;,
        -0.000857; 6.965529;-1.568567;,
        -0.778915; 6.921834;-1.568568;,
        -0.000857; 6.965529;-1.568567;,
        -0.000857; 6.198077;-1.568567;,
        -0.818628; 6.198110;-1.568568;,
        -0.778915; 6.921834;-1.568568;,
        -0.818628; 6.198110;-1.568568;,
        -1.441247; 6.198112;-1.379204;,
        -1.367815; 6.916408;-1.376527;,
         0.777200; 6.921834;-1.568567;,
         0.774892; 7.471014;-1.377865;,
         1.213403; 7.321999;-1.229542;,
         1.366100; 6.916409;-1.376525;,
         0.777200; 6.921834;-1.568567;,
         1.366100; 6.916409;-1.376525;,
         1.439533; 6.198112;-1.379202;,
         0.816913; 6.198110;-1.568567;,
         0.777200; 6.921834;-1.568567;,
         0.816913; 6.198110;-1.568567;,
        -0.000857; 6.198077;-1.568567;,
        -0.000857; 6.965529;-1.568567;,
         0.777200; 6.921834;-1.568567;,
        -0.000857; 6.965529;-1.568567;,
        -0.000857; 7.549397;-1.377866;,
         0.774892; 7.471014;-1.377865;,
         1.371704; 5.572839; 1.275660;,
         1.448331; 6.198170; 1.279592;,
         1.386455; 6.198183; 1.339964;,
         1.308901; 5.604020; 1.344834;,
         1.448331; 6.198170; 1.279592;,
         1.371713; 6.823611; 1.275629;,
         1.309664; 6.792828; 1.344123;,
         1.386455; 6.198183; 1.339964;,
         1.371713; 6.823611; 1.275629;,
         1.211680; 7.181966; 1.145425;,
         1.155744; 7.126584; 1.198244;,
         1.309664; 6.792828; 1.344123;,
         1.211680; 7.181966; 1.145425;,
         0.770212; 7.317495; 1.276466;,
         0.737687; 7.255954; 1.347581;,
         1.155744; 7.126584; 1.198244;,
         0.770212; 7.317495; 1.276466;,
        -0.000859; 7.384974; 1.277189;,
        -0.000860; 7.325122; 1.340824;,
         0.737687; 7.255954; 1.347581;,
        -0.000859; 7.384974; 1.277189;,
        -0.771930; 7.317479; 1.276464;,
        -0.739416; 7.255961; 1.347563;,
        -0.000860; 7.325122; 1.340824;,
        -0.771930; 7.317479; 1.276464;,
        -1.213399; 7.181949; 1.145422;,
        -1.157488; 7.126599; 1.198210;,
        -0.739416; 7.255961; 1.347563;,
        -1.213399; 7.181949; 1.145422;,
        -1.373432; 6.823600; 1.275627;,
        -1.311408; 6.792838; 1.344096;,
        -1.157488; 7.126599; 1.198210;,
        -1.373432; 6.823600; 1.275627;,
        -1.450049; 6.198169; 1.279590;,
        -1.388175; 6.198184; 1.339962;,
        -1.311408; 6.792838; 1.344096;,
        -1.450049; 6.198169; 1.279590;,
        -1.373422; 5.572828; 1.275659;,
        -1.310596; 5.604029; 1.344855;,
        -1.388175; 6.198184; 1.339962;,
        -1.373422; 5.572828; 1.275659;,
        -1.213326; 5.212782; 1.145498;,
        -1.155251; 5.271162; 1.201117;,
        -1.310596; 5.604029; 1.344855;,
        -1.213326; 5.212782; 1.145498;,
        -0.771883; 5.077241; 1.276614;,
        -0.737360; 5.143130; 1.351119;,
        -1.155251; 5.271162; 1.201117;,
        -0.771883; 5.077241; 1.276614;,
        -0.000859; 5.009655; 1.277375;,
        -0.000858; 5.075202; 1.345285;,
        -0.737360; 5.143130; 1.351119;,
        -0.000859; 5.009655; 1.277375;,
         0.770165; 5.077255; 1.276614;,
         0.735650; 5.143126; 1.351109;,
        -0.000858; 5.075202; 1.345285;,
         0.770165; 5.077255; 1.276614;,
         1.211609; 5.212798; 1.145499;,
         1.153555; 5.271150; 1.201092;,
         0.735650; 5.143126; 1.351109;,
         1.211609; 5.212798; 1.145499;,
         1.371704; 5.572839; 1.275660;,
         1.308901; 5.604020; 1.344834;,
         1.153555; 5.271150; 1.201092;,
         1.212324; 5.713059; 1.326008;,
         1.278260; 6.198076; 1.321594;,
         1.218761; 6.197985; 1.293268;,
         1.153580; 5.737917; 1.292219;,
         1.278260; 6.198076; 1.321594;,
         1.211333; 6.682825; 1.325508;,
         1.152779; 6.658243; 1.294238;,
         1.218761; 6.197985; 1.293268;,
         1.211333; 6.682825; 1.325508;,
         1.081787; 6.965564; 1.188835;,
         1.033105; 6.918097; 1.165903;,
         1.152779; 6.658243; 1.294238;,
         1.081787; 6.965564; 1.188835;,
         0.686703; 7.070446; 1.332779;,
         0.660167; 7.013108; 1.294976;,
         1.033105; 6.918097; 1.165903;,
         0.686703; 7.070446; 1.332779;,
        -0.000931; 7.119129; 1.334551;,
        -0.001017; 7.059537; 1.292919;,
         0.660167; 7.013108; 1.294976;,
        -0.000931; 7.119129; 1.334551;,
        -0.688531; 7.070466; 1.332693;,
        -0.662200; 7.013255; 1.294974;,
        -0.001017; 7.059537; 1.292919;,
        -0.688531; 7.070466; 1.332693;,
        -1.083577; 6.965611; 1.188734;,
        -1.035106; 6.918329; 1.165903;,
        -0.662200; 7.013255; 1.294974;,
        -1.083577; 6.965611; 1.188734;,
        -1.213077; 6.682912; 1.325390;,
        -1.154671; 6.658501; 1.294234;,
        -1.035106; 6.918329; 1.165903;,
        -1.213077; 6.682912; 1.325390;,
        -1.279978; 6.198219; 1.321591;,
        -1.220480; 6.198258; 1.293259;,
        -1.154671; 6.658501; 1.294234;,
        -1.279978; 6.198219; 1.321591;,
        -1.214019; 5.713146; 1.326115;,
        -1.155124; 5.738176; 1.292207;,
        -1.220480; 6.198258; 1.293259;,
        -1.214019; 5.713146; 1.326115;,
        -1.078353; 5.435274; 1.201554;,
        -1.033442; 5.478714; 1.189862;,
        -1.155124; 5.738176; 1.292207;,
        -1.078353; 5.435274; 1.201554;,
        -0.686731; 5.329323; 1.348458;,
        -0.661956; 5.383231; 1.335944;,
        -1.033442; 5.478714; 1.189862;,
        -0.686731; 5.329323; 1.348458;,
        -0.000781; 5.280798; 1.349790;,
        -0.000701; 5.337120; 1.334516;,
        -0.661956; 5.383231; 1.335944;,
        -0.000781; 5.280798; 1.349790;,
         0.685122; 5.329318; 1.348381;,
         0.660552; 5.383084; 1.335951;,
        -0.000701; 5.337120; 1.334516;,
         0.685122; 5.329318; 1.348381;,
         1.076695; 5.435240; 1.201458;,
         1.032001; 5.478487; 1.189880;,
         0.660552; 5.383084; 1.335951;,
         1.076695; 5.435240; 1.201458;,
         1.212324; 5.713059; 1.326008;,
         1.153580; 5.737917; 1.292219;,
         1.032001; 5.478487; 1.189880;,
         1.278260; 6.198076; 1.321594;,
         1.212324; 5.713059; 1.326008;,
         1.255873; 5.632084; 1.358378;,
         1.327705; 6.198130; 1.354225;,
         1.386455; 6.198183; 1.339964;,
         1.309664; 6.792828; 1.344123;,
         1.255849; 6.764258; 1.358066;,
         1.327705; 6.198130; 1.354225;,
         1.081787; 6.965564; 1.188835;,
         1.211333; 6.682825; 1.325508;,
         1.255849; 6.764258; 1.358066;,
         1.113376; 7.082632; 1.211041;,
         1.155744; 7.126584; 1.198244;,
         0.737687; 7.255954; 1.347581;,
         0.710203; 7.209303; 1.361269;,
         1.113376; 7.082632; 1.211041;,
        -0.000931; 7.119129; 1.334551;,
         0.686703; 7.070446; 1.332779;,
         0.710203; 7.209303; 1.361269;,
        -0.000881; 7.271752; 1.360627;,
        -0.000860; 7.325122; 1.340824;,
        -0.739416; 7.255961; 1.347563;,
        -0.711957; 7.209302; 1.361231;,
        -0.000881; 7.271752; 1.360627;,
        -1.083577; 6.965611; 1.188734;,
        -0.688531; 7.070466; 1.332693;,
        -0.711957; 7.209302; 1.361231;,
        -1.115125; 7.082628; 1.210985;,
        -1.157488; 7.126599; 1.198210;,
        -1.311408; 6.792838; 1.344096;,
        -1.257579; 6.764290; 1.358014;,
        -1.115125; 7.082628; 1.210985;,
        -1.279978; 6.198219; 1.321591;,
        -1.213077; 6.682912; 1.325390;,
        -1.257579; 6.764290; 1.358014;,
        -1.329424; 6.198179; 1.354222;,
        -1.388175; 6.198184; 1.339962;,
        -1.310596; 5.604029; 1.344855;,
        -1.257580; 5.632115; 1.358424;,
        -1.329424; 6.198179; 1.354222;,
        -1.078353; 5.435274; 1.201554;,
        -1.214019; 5.713146; 1.326115;,
        -1.257580; 5.632115; 1.358424;,
        -1.112630; 5.314833; 1.216952;,
        -1.155251; 5.271162; 1.201117;,
        -0.737360; 5.143130; 1.351119;,
        -0.710835; 5.190200; 1.367538;,
        -1.112630; 5.314833; 1.216952;,
        -0.000781; 5.280798; 1.349790;,
        -0.686731; 5.329323; 1.348458;,
        -0.710835; 5.190200; 1.367538;,
        -0.000835; 5.128336; 1.366460;,
        -0.000858; 5.075202; 1.345285;,
         0.735650; 5.143126; 1.351109;,
         0.709152; 5.190217; 1.367507;,
        -0.000835; 5.128336; 1.366460;,
         1.076695; 5.435240; 1.201458;,
         0.685122; 5.329318; 1.348381;,
         0.709152; 5.190217; 1.367507;,
         1.110937; 5.314839; 1.216903;,
         1.153555; 5.271150; 1.201092;,
         1.308901; 5.604020; 1.344834;,
         1.255873; 5.632084; 1.358378;,
         1.110937; 5.314839; 1.216903;,
         1.308901; 5.604020; 1.344834;,
         1.386455; 6.198183; 1.339964;,
         1.327705; 6.198130; 1.354225;,
         1.255873; 5.632084; 1.358378;,
         1.211333; 6.682825; 1.325508;,
         1.278260; 6.198076; 1.321594;,
         1.327705; 6.198130; 1.354225;,
         1.255849; 6.764258; 1.358066;,
         1.309664; 6.792828; 1.344123;,
         1.155744; 7.126584; 1.198244;,
         1.113376; 7.082632; 1.211041;,
         1.255849; 6.764258; 1.358066;,
         0.686703; 7.070446; 1.332779;,
         1.081787; 6.965564; 1.188835;,
         1.113376; 7.082632; 1.211041;,
         0.710203; 7.209303; 1.361269;,
         0.737687; 7.255954; 1.347581;,
        -0.000860; 7.325122; 1.340824;,
        -0.000881; 7.271752; 1.360627;,
         0.710203; 7.209303; 1.361269;,
        -0.688531; 7.070466; 1.332693;,
        -0.000931; 7.119129; 1.334551;,
        -0.000881; 7.271752; 1.360627;,
        -0.711957; 7.209302; 1.361231;,
        -0.739416; 7.255961; 1.347563;,
        -1.157488; 7.126599; 1.198210;,
        -1.115125; 7.082628; 1.210985;,
        -0.711957; 7.209302; 1.361231;,
        -1.213077; 6.682912; 1.325390;,
        -1.083577; 6.965611; 1.188734;,
        -1.115125; 7.082628; 1.210985;,
        -1.257579; 6.764290; 1.358014;,
        -1.311408; 6.792838; 1.344096;,
        -1.388175; 6.198184; 1.339962;,
        -1.329424; 6.198179; 1.354222;,
        -1.257579; 6.764290; 1.358014;,
        -1.214019; 5.713146; 1.326115;,
        -1.279978; 6.198219; 1.321591;,
        -1.329424; 6.198179; 1.354222;,
        -1.257580; 5.632115; 1.358424;,
        -1.310596; 5.604029; 1.344855;,
        -1.155251; 5.271162; 1.201117;,
        -1.112630; 5.314833; 1.216952;,
        -1.257580; 5.632115; 1.358424;,
        -0.686731; 5.329323; 1.348458;,
        -1.078353; 5.435274; 1.201554;,
        -1.112630; 5.314833; 1.216952;,
        -0.710835; 5.190200; 1.367538;,
        -0.737360; 5.143130; 1.351119;,
        -0.000858; 5.075202; 1.345285;,
        -0.000835; 5.128336; 1.366460;,
        -0.710835; 5.190200; 1.367538;,
         0.685122; 5.329318; 1.348381;,
        -0.000781; 5.280798; 1.349790;,
        -0.000835; 5.128336; 1.366460;,
         0.709152; 5.190217; 1.367507;,
         0.735650; 5.143126; 1.351109;,
         1.153555; 5.271150; 1.201092;,
         1.110937; 5.314839; 1.216903;,
         0.709152; 5.190217; 1.367507;,
         1.212324; 5.713059; 1.326008;,
         1.076695; 5.435240; 1.201458;,
         1.110937; 5.314839; 1.216903;,
         1.255873; 5.632084; 1.358378;,
         0.665947; 5.728042; 1.447664;,
         1.153580; 5.737917; 1.292219;,
         1.218761; 6.197985; 1.293268;,
         0.699835; 6.198205; 1.448567;,
         0.665947; 5.728042; 1.447664;,
         0.699835; 6.198205; 1.448567;,
        -0.000859; 6.198279; 1.448565;,
        -0.000767; 5.704136; 1.447663;,
         0.665947; 5.728042; 1.447664;,
        -0.000767; 5.704136; 1.447663;,
        -0.000701; 5.337120; 1.334516;,
         0.660552; 5.383084; 1.335951;,
         0.665947; 5.728042; 1.447664;,
         0.660552; 5.383084; 1.335951;,
         1.032001; 5.478487; 1.189880;,
         1.153580; 5.737917; 1.292219;,
         0.666024; 6.668867; 1.449470;,
         0.660167; 7.013108; 1.294976;,
        -0.001017; 7.059537; 1.292919;,
        -0.000951; 6.692749; 1.449467;,
         0.666024; 6.668867; 1.449470;,
        -0.000951; 6.692749; 1.449467;,
        -0.000859; 6.198279; 1.448565;,
         0.699835; 6.198205; 1.448567;,
         0.666024; 6.668867; 1.449470;,
         0.699835; 6.198205; 1.448567;,
         1.218761; 6.197985; 1.293268;,
         1.152779; 6.658243; 1.294238;,
         0.666024; 6.668867; 1.449470;,
         1.152779; 6.658243; 1.294238;,
         1.033105; 6.918097; 1.165903;,
         0.660167; 7.013108; 1.294976;,
        -0.667925; 6.669019; 1.449466;,
        -0.662200; 7.013255; 1.294974;,
        -1.035106; 6.918329; 1.165903;,
        -1.154671; 6.658501; 1.294234;,
        -0.667925; 6.669019; 1.449466;,
        -1.154671; 6.658501; 1.294234;,
        -1.220480; 6.198258; 1.293259;,
        -0.701553; 6.198366; 1.448562;,
        -0.667925; 6.669019; 1.449466;,
        -0.701553; 6.198366; 1.448562;,
        -0.000859; 6.198279; 1.448565;,
        -0.000951; 6.692749; 1.449467;,
        -0.667925; 6.669019; 1.449466;,
        -0.000951; 6.692749; 1.449467;,
        -0.001017; 7.059537; 1.292919;,
        -0.662200; 7.013255; 1.294974;,
        -0.667481; 5.728196; 1.447660;,
        -1.155124; 5.738176; 1.292207;,
        -1.033442; 5.478714; 1.189862;,
        -0.661956; 5.383231; 1.335944;,
        -0.667481; 5.728196; 1.447660;,
        -0.661956; 5.383231; 1.335944;,
        -0.000701; 5.337120; 1.334516;,
        -0.000767; 5.704136; 1.447663;,
        -0.667481; 5.728196; 1.447660;,
        -0.000767; 5.704136; 1.447663;,
        -0.000859; 6.198279; 1.448565;,
        -0.701553; 6.198366; 1.448562;,
        -0.667481; 5.728196; 1.447660;,
        -0.701553; 6.198366; 1.448562;,
        -1.220480; 6.198258; 1.293259;,
        -1.155124; 5.738176; 1.292207;;
        160;
        4;3,2,1,0;,
        4;7,6,5,4;,
        4;11,10,9,8;,
        4;15,14,13,12;,
        4;19,18,17,16;,
        4;23,22,21,20;,
        4;27,26,25,24;,
        4;31,30,29,28;,
        4;35,34,33,32;,
        4;39,38,37,36;,
        4;43,42,41,40;,
        4;47,46,45,44;,
        4;51,50,49,48;,
        4;55,54,53,52;,
        4;59,58,57,56;,
        4;63,62,61,60;,
        4;67,66,65,64;,
        4;71,70,69,68;,
        4;75,74,73,72;,
